waypoints:
    - point:
        x: 0.39918
        y: 6.66892
        z: -3.39869e-06
    - point:
        x: 27.0253
        y: 7.52652
        z: -1.70891e-05
    - point:
        x: 17.1136
        y: 15.8989
        z: 4.5315e-05
    - point:
        x: -0.730766
        y: 15.5892
        z: -0.000904744
    - point:
        x: -1.33897
        y: 6.28678
        z: 1.21973e-05
finish_pose:
    header:
        seq: 0
        stamp: 1984.066000000
        frame_id: map
    pose:
        position:
            x: -0.131613
            y: 4.27544
            z: 0
        orientation:
            x: 0
            y: 0
            z: -0.692276
            w: 0.721633
