image: cit_outdoor.pgm
resolution: 0.050000
origin: [-202.400000, -176.800000, 0.000000]
negate: 0
occupied_thresh: 0.65
free_thresh: 0.196

